202
902
729
859
613
338
97
758
104
289
107
122
686
643
777
597
312
681
811
519
773
535
206
498
149
21
127
45
223
136
134
96
18
747
28
740
318
667
72
556
175
453
129
22
59
830
347
952
271
870
104
73
339
682
323
697
904
890
22
135
591
603
884
245
462
97
952
279
352
259
222
469
178
9
149
674
704
456
75
452
379
356
994
583
386
729
647
696
538
860
912
487
412
244
15
984
733
506
310
790
329
703
797
955
134
57
343
959
838
665
52
796
30
909
979
676
257
484
142
249
166
794
823
588
617
86
575
110
272
573
878
849
106
506
649
374
155
496
640
553
586
258
830
387
158
224
174
166
213
157
756
121
702
630
297
752
196
295
459
879
291
791
635
415
471
621
292
143
506
534
305
693
468
312
900
389
989
865
593
590
534
557
298
878
558
299
675
158
664
579
135
885
241
618
919
579
858
943
768
534
542
356
67
189
599
775
514
51
17
677
418
598
993
558
23
381
914
757
730
226
41
479
18
983
660
656
172
76
801
905
230
616
656
458
529
256
350
194
763
462
66
345
445
217
667
182
166
969
804
25
669
40
698
94
87
959
679
968
936
532
232
596
921
629
446
712
526
797
51
542
477
41
201
421
404
974
605
425
381
834
675
418
397
559
939
631
84
694
381
692
738
107
273
513
979
428
874
711
21
641
107
901
49
729
825
10
6
548
950
451
431
403
657
359
685
465
847
482
951
137
655
77
537
226
646
794
640
513
221
419
459
391
124
172
209
615
460
170
882
959
171
122
235
9
707
899
256
356
201
955
573
907
293
115
154
157
976
8
13
116
775
693
418
349
502
338
522
605
530
636
433
773
211
710
109
317
540
768
676
737
204
219
481
661
82
141
936
47
842
751
694
193
606
996
248
702
925
170
78
491
763
898
298
267
876
872
393
144
309
387
851
247
517
135
485
700
354
255
406
470
282
446
325
42
859
841
514
594
577
147
98
328
120
937
22
849
497
598
220
571
439
6
502
831
732
302
720
265
28
661
678
123
648
215
249
213
151
246
295
253
58
920
529
943
122
768
913
70
95
238
752
837
275
599
900
713
634
231
843
927
475
601
200
866
848
715
278
313
622
232
651
403
751
766
141
824
59
185
317
337
762
844
947
687
870
191
349
309
931
716
92
297
470
960
558
630
823
419
526
626
333
882
202
191
568
750
725
209
375
988
67
153
770
166
372
224
873
661
59
24
949
82
943
820
980
211
356
740
522
310
805
946
415
819
377
171
987
744
355
1
323
415
468
694
828
123
973
770
486
517
209
337
770
79
639
657
667
213
590
687
672
900
929
968
500
222
657
220
112
206
439
159
714
191
198
740
752
276
106
533
120
501
487
726
937
630
374
195
796
854
32
915
624
289
243
619
948
168
395
544
664
517
615
574
984
40
857
822
164
209
326
857
698
996
688
715
744
131
595
297
449
585
894
223
563
484
855
925
408
990
356
293
786
215
186
215
764
609
753
297
393
212
35
831
40
924
727
545
976
280
913
441
13
122
0
29
893
350
2
825
348
622
190
639
207
880
12
458
658
333
923
802
586
880
48
966
799
85
378
979
971
782
670
630
574
414
395
310
301
376
0
414
130
536
185
272
104
568
141
755
529
55
945
189
481
625
155
740
574
496
834
854
284
850
618
999
899
610
978
653
497
892
445
579
999
833
152
697
367
142
331
827
269
756
826
770
562
910
321
844
492
204
420
383
364
679
471
990
844
505
372
919
344
895
88
703
946
427
113
912
585
557
543
24
41
188
65
562
302
502
551
197
154
492
882
429
37
721
6
868
614
602
23
928
932
470
82
871
819
746
885
379
572
414
543
424
593
691
409
400
357
598
420
197
621
498
764
157
592
580
939
849
66
157
513
857
478
121
688
39
366
389
132
259
839
172
65
105
280
716
109
317
41
776
822
170
837
282
170
783
452
381
510
110
768
283
924
391
802
361
876
220
802
866
417
831
737
909
349
526
671
698
793
79
312
589
657
834
456
421
730
178
915
602
213
562
307
757
695
420
351
382
362
982
423
300
778
605
453
706
453
83
693
808
357
860
19
844
980
183
751
791
960
706
556
442
354
587
939
318
520
241
749
295
522
109
42
747
440
791
809
839
98
749
185
280
663
385
528
771
35
544
969
495
97
586
295
296
546
378
997
124
317
691
577
403
947
21
307
520
259
392
840
389
106
580
5
775
825
528
181
288
341
362
870
959
488
668
62
999
332
987
270
11
150
523
555
935
795
484
