1659
1511
808
1853
1020
730
1800
1313
1250
1415
1957
759
1803
298
326
1462
208
567
809
894
736
0
160
1784
165
1813
961
382
28
544
809
832
983
1513
750
1123
1562
852
935
599
402
1150
728
1944
1613
356
1738
1851
671
1887
1547
1255
1906
1505
648
1752
1883
1139
82
1418
1319
1381
1813
50
796
542
906
1432
1220
398
1032
1946
1243
1489
936
1205
1812
1079
1497
334
722
101
798
600
761
1403
381
1960
539
397
559
39
1216
388
1777
1662
775
443
1814
1204
1572
1684
1407
1489
961
1732
1843
20
820
1338
1904
1247
1287
268
1273
588
463
1073
1227
59
1049
57
210
314
1626
865
594
1547
1680
595
1656
569
1160
489
1586
1644
367
577
485
730
200
580
1046
1577
1092
1442
1448
1565
1570
867
1993
284
1253
1141
792
1040
1775
1887
1683
441
1530
1259
420
158
1318
473
1957
1211
1095
7
1703
1647
1477
432
501
1073
306
585
166
1038
1618
1762
184
922
394
1757
152
295
1865
206
913
1604
1971
578
362
824
1449
114
1948
890
1580
226
1563
1959
966
1249
1
475
1260
1073
167
1665
1079
1920
210
999
1582
685
1108
410
1838
352
1755
1123
1511
793
1537
674
655
454
240
97
1598
979
1796
167
365
188
362
802
1906
1177
1041
1437
132
1532
1773
1520
80
1175
859
668
1665
440
1487
281
863
1671
758
897
1565
638
819
1603
228
1964
1015
98
497
1255
1911
1620
1696
1971
966
28
1040
1227
1742
1370
535
1439
1794
270
1551
75
1254
1551
701
609
1848
807
870
287
1920
1509
1040
708
1387
580
1899
995
1344
131
1099
1401
847
15
1486
194
1892
614
617
1149
1145
1485
1793
1370
1806
1873
1329
114
808
1940
525
701
25
1944
1344
722
349
1372
1581
616
376
1215
1668
826
870
474
586
251
435
809
191
922
848
1979
1713
808
1891
520
1335
1823
61
698
1710
5
1766
914
302
657
1177
708
1972
1619
121
1287
633
710
1668
1
1093
468
1643
1221
826
813
526
82
562
978
444
44
1519
972
1646
1890
698
1093
1896
806
91
741
882
77
1052
994
1913
1054
204
945
1701
671
177
1600
1038
500
1422
369
803
1429
1308
763
210
677
1987
1661
1439
128
406
1871
1404
345
683
443
1561
211
1749
1210
616
1546
428
716
855
219
645
1936
1096
119
668
1589
992
1241
1401
1083
732
20
1053
963
414
1810
436
1289
79
1596
943
831
774
978
1976
1110
676
1053
1525
1421
1525
324
378
1260
1226
762
1945
174
749
585
1573
1004
353
217
1737
229
1098
1110
305
1696
450
1618
477
1809
369
742
159
1004
186
1473
423
801
1335
1066
846
246
979
1266
207
1439
161
956
148
1943
630
567
1979
1127
114
1307
1125
707
1065
1450
1947
1337
1806
789
1235
1026
1197
858
104
889
799
1986
1390
631
105
347
1164
1174
338
71
198
214
1976
1975
769
145
1270
1558
1754
1352
1500
1952
1706
1723
1928
702
484
50
57
975
1254
1638
418
485
351
331
769
1526
1896
662
1357
131
533
540
1179
1883
272
156
409
1821
480
201
1548
455
547
763
1040
229
1318
740
1719
242
1099
686
773
386
709
310
1070
210
1287
232
1878
1479
518
1247
480
910
349
497
1630
487
1175
681
727
385
740
15
572
455
1116
1415
1087
1410
1929
1298
1007
631
1288
1488
738
419
636
643
1127
877
1395
450
976
1698
483
726
315
259
336
1403
921
452
971
1413
1045
1995
1172
610
1944
885
1069
276
1492
1669
685
58
1342
1704
121
948
46
590
1396
1101
781
484
1316
1790
781
356
1187
951
381
346
605
1362
11
1329
1795
993
404
1380
1862
875
1934
459
1123
1008
1102
241
500
292
400
1709
1385
910
128
1868
1965
947
797
1046
1056
140
573
1476
1602
643
815
1426
1061
1700
998
557
1025
1778
136
1791
481
885
1981
1067
131
524
173
1825
1175
1847
1618
1002
1896
167
931
1871
656
415
981
436
840
1934
1007
724
216
466
1817
1648
91
183
1086
1677
1788
672
1623
1145
167
1544
1399
1234
1273
1948
557
97
1079
978
1369
806
1663
1101
1710
1255
1343
185
1278
960
1625
1772
1715
1996
213
1191
1716
707
1228
778
1308
524
1223
1241
1371
1747
891
889
802
94
1543
172
1006
1287
1545
1919
592
37
1911
138
779
1442
1211
1928
852
155
1467
269
1184
34
442
834
1406
374
1441
1158
1095
1858
1838
1765
918
129
160
726
763
330
1030
463
1580
1980
776
1385
1337
761
1199
1601
861
635
1224
1297
597
1015
1677
1601
1463
312
628
408
877
81
979
1238
1314
752
1055
1336
1557
835
515
646
214
135
1836
1563
155
1197
284
745
1982
1625
549
54
981
1615
1369
1037
1234
1143
1071
21
23
1258
1366
1829
1848
1916
997
133
1284
541
900
1228
223
1045
605
1020
1797
405
1750
124
1447
1821
1062
969
935
466
1840
139
1193
532
1916
224
171
771
1687
1623
1240
1500
52
727
1323
629
1880
1765
1573
1781
703
691
1358
624
1236
1506
309
875
57
1451
471
1684
1940
1325
991
415
761
997
1390
505
1822
1049
1042
1857
80
546
1257
810
1107
1630
1173
678
1581
705
1285
219
1177
1117
1617
497
1859
90
700
310
1642
771
364
460
1622
1261
975
829
1709
683
1124
1231
1571
1404
504
1341
1430
513
450
413
550
652
878
974
1724
976
571
1674
1240
1970
1085
209
1831
673
1391
584
1755
1856
393
1803
1982
1432
44
1852
156
15
1882
998
649
365
543
1675
763
1173
963
1562
630
369
1948
814
18
136
1454
160
345
1967
581
1609
749
122
481
1156
1373
1790
326
1071
367
1224
785
937
0
1612
341
237
1126
608
1017
303
1819
1006
1638
1276
1071
1013
781
613
1112
90
1011
1821
260
303
1264
1838
39
1526
385
686
1968
128
958
153
1598
175
1168
631
874
1343
640
1945
1592
252
832
1386
1676
1586
731
1810
231
68
1485
1040
1911
1662
1160
1942
817
1859
676
910
1729
1887
1262
1900
358
1319
477
1050
1151
949
1438
1819
373
1706
1504
1265
1582
408
418
653
855
1662
1826
258
1709
512
1821
954
486
793
1066
1452
1871
249
713
427
1677
242
449
1381
1204
308
1700
250
1094
1944
1180
742
1994
1015
1353
473
10
1186
928
378
1960
964
1154
78
835
180
314
1255
1290
1336
1208
125
1119
626
129
497
381
1312
1460
208
1441
373
1301
1083
1835
1605
1412
515
961
1563
1774
696
235
0
400
1740
493
52
1307
234
672
1202
660
1464
173
845
544
840
306
1497
1842
182
1649
894
471
1605
1419
1138
207
1447
1650
1663
1944
806
298
788
1329
754
1772
1047
1318
1582
118
890
870
14
462
1666
1434
1347
658
133
1760
1327
1246
395
1053
1464
720
637
734
29
414
118
1696
16
1751
123
531
270
508
1769
1437
1585
1353
594
1264
442
1598
1197
1913
1475
619
1991
811
652
42
688
140
998
317
1869
1124
1007
1956
143
1837
1466
1439
814
735
1340
1667
586
1049
1437
669
198
1177
515
1429
1672
828
1153
228
862
1482
210
76
394
1104
1443
1539
1996
1229
1822
1248
1605
349
101
209
1882
36
1939
311
1327
1721
1446
785
1319
830
441
1965
819
1836
593
1758
1701
1482
823
1773
254
1723
1057
516
788
809
1842
1572
1813
1978
28
76
1659
975
1105
1072
1346
332
145
762
165
1781
747
60
1112
1887
27
1435
363
1840
632
47
1371
1053
1727
1068
96
545
148
1283
665
1762
432
1024
527
1345
1771
418
106
554
1851
61
713
940
1515
1445
391
1865
1863
1929
1679
751
1660
1923
1251
911
1593
1229
1119
270
294
979
1505
987
298
92
979
1820
1090
1323
236
1394
1266
174
116
1184
726
681
1973
1939
1689
430
1289
1848
977
195
50
1340
599
851
874
570
320
1991
1738
1825
1006
1709
961
1944
1512
756
1532
624
1417
1081
1779
505
250
1806
1005
1255
1001
329
364
597
1967
1214
1809
1200
1968
225
1489
1053
1657
1538
1197
822
360
1315
97
1699
1324
823
321
823
1861
334
671
869
415
1843
157
0
630
491
948
985
1828
725
725
1461
1897
1542
893
603
1101
1374
1594
1864
1480
54
95
1958
1553
887
999
957
873
499
1221
1955
1254
204
410
1243
761
638
1115
1374
836
1712
671
204
731
1413
1251
1855
654
1555
1299
167
1261
49
945
684
745
251
1363
116
1330
776
1483
112
1761
1767
965
1954
572
433
1138
1968
1938
1319
1872
1932
1730
725
1685
574
1784
612
667
1977
69
468
1012
234
1380
1599
950
1117
17
1949
144
1855
1378
1523
617
709
1805
578
1850
708
691
293
280
1634
1164
1710
982
789
207
1579
168
180
823
1886
612
1805
1212
1543
485
445
1170
826
1125
1733
1440
202
396
917
1210
1386
1817
774
1642
337
194
809
1973
1418
1538
1813
806
196
54
162
730
1349
1513
242
172
1579
373
570
1125
1119
1960
1799
1532
102
149
1840
1161
465
1400
1
1698
1755
1322
752
757
1580
873
722
1323
313
664
1984
639
1579
1868
614
998
1606
1707
888
872
1071
1741
158
467
313
798
249
1124
994
1494
1204
697
528
1117
297
1959
638
1045
1250
895
1525
1283
1638
1467
1629
1949
1276
98
1597
1998
1989
630
1141
742
766
44
1173
669
1904
676
897
309
913
1566
846
1627
1495
474
454
143
459
902
1533
361
1875
1383
902
1630
1317
496
742
1098
1992
854
810
1851
660
147
960
1994
443
1258
410
1740
1512
1141
75
1953
336
1498
1342
881
284
685
1155
1960
1263
1090
1929
1603
913
544
899
178
587
4
1612
1566
1770
1506
980
1603
1396
1895
991
838
1407
1750
1886
814
1592
844
91
442
1883
1205
22
380
1238
500
1790
1675
1853
818
1488
1267
802
1604
600
1306
130
1817
270
1520
1700
1555
1148
972
1865
35
1940
443
1076
40
190
244
1753
300
1473
1148
1038
1426
316
1243
1513
362
1006
210
716
927
905
1884
1757
1750
557
552
729
193
1824
506
1205
1798
1067
605
877
1161
784
1501
230
1178
1243
1340
1762
1335
968
1914
1061
1790
779
164
738
1696
314
469
1304
95
1997
1263
505
1953
1249
1481
1006
660
1661
949
1311
896
1664
1919
735
182
1896
1935
1058
1846
569
1128
308
1663
1743
675
1192
786
1221
956
1217
666
132
1059
1735
463
1245
568
575
1988
231
1709
463
1313
1347
1215
1243
866
903
1441
1185
1049
720
458
327
98
1748
1653
1960
867
366
1400
412
115
1489
1170
1339
867
932
527
1278
1845
1559
1320
186
1292
1531
1339
1414
1053
172
342
1443
488
1080
381
321
669
1255
1451
317
751
996
1345
800
1143
137
82
1409
524
1398
385
388
1582
523
1538
1295
469
