2222
3109
2177
2181
1814
3060
1390
1334
2098
3353
3148
3226
3011
813
2378
3706
3987
2655
2505
536
2251
396
1456
1081
201
641
1581
296
3004
2610
2989
119
830
1103
2241
1303
2262
2301
2411
1540
0
1594
2443
2655
381
1862
2888
2015
462
633
3579
907
810
3354
3531
2650
3410
571
415
1378
3306
559
522
1170
1715
3286
1662
3377
1516
1391
3168
908
149
3861
3647
2731
1737
3244
3182
139
3724
40
1695
550
1613
836
1117
3774
3698
3204
3118
1645
1368
2908
1346
794
1663
222
3959
380
2696
1097
2752
3570
6
3847
2294
1771
2327
924
2412
3218
2160
2855
2944
169
2527
3154
100
2030
2703
3664
2934
3468
1993
1394
2117
1041
560
858
3259
845
1680
2859
959
2399
2262
1164
2037
3875
3179
2996
215
3504
1235
3527
3779
3202
3623
2034
3010
401
2143
2182
1932
1861
1289
3021
3238
3659
3958
3976
2678
3828
2794
2093
400
1837
673
943
2241
739
1311
2778
3976
1141
2546
3430
3745
2891
474
658
2693
3593
3864
2422
974
569
2065
551
2329
2816
1563
3298
1892
1302
1472
42
3711
1366
2736
2373
1644
559
269
3291
3677
1517
82
3183
3337
3859
417
2664
685
2007
2825
315
68
1165
1719
3815
2983
2921
23
32
178
3153
1620
2564
3663
3740
3728
3289
118
3451
411
3722
748
1364
3934
2690
2836
3273
3698
1399
1264
3858
2571
3779
895
1505
177
2441
3826
2984
71
1847
1310
2385
2265
1322
2527
823
2045
2445
1406
922
1100
3754
3210
885
3239
3555
2728
1262
962
2364
703
919
1202
3674
1816
1095
3467
3633
2398
2418
1724
3726
2621
631
1294
835
3233
1369
1219
1668
1884
1975
2358
2153
2663
2604
3213
1553
2394
177
2775
830
2988
451
1344
1143
3078
2878
1593
2438
369
2437
2404
3377
2458
2966
1030
1545
219
313
1889
3963
1371
3555
1069
3111
526
1447
3043
2892
1017
2978
1251
2305
3280
219
589
2275
1672
3381
3956
976
2500
1578
2912
293
3929
1490
2445
2545
638
2627
3927
1257
2579
1693
2790
1695
2124
2541
2969
3879
3121
2985
2632
1273
2424
1345
2697
1728
753
1858
3775
126
1595
3079
3543
1421
3209
3086
103
3207
1336
2437
3274
3337
748
1923
1575
1418
467
2131
3660
3057
3316
3634
657
3873
2050
676
3564
961
607
1757
2652
823
2174
630
2507
972
2598
2855
2876
2183
586
1846
2418
2026
1781
985
3650
551
3416
2979
1571
2036
3323
949
3884
2750
3067
461
1914
405
1005
785
3518
634
2350
2255
1695
3148
145
3706
2631
1749
823
2400
3806
1828
3196
2382
1646
3681
3573
3874
1610
1879
1723
2730
2471
3935
2415
1250
1387
2474
88
1252
720
3567
2793
2991
1003
3493
127
3802
933
1366
3448
966
2216
2803
1404
452
402
425
1429
156
840
1676
3888
547
1729
1610
923
1384
3763
3192
3248
151
864
2096
13
113
3276
3971
3997
1498
1868
928
2750
3107
2506
2462
619
3155
220
1517
2216
2066
394
865
2369
3079
1934
1777
192
1638
1130
1808
1833
2345
2699
2135
160
2848
3059
2385
870
1870
3911
1498
3477
1705
1635
2281
2784
522
3163
1684
3429
1103
3605
1112
3537
1194
2220
3651
2344
2121
2894
231
1859
3703
1937
1455
2688
1283
917
2397
390
791
1329
787
1978
3681
418
1465
3251
2086
745
673
874
267
997
3836
1227
2955
1800
146
3444
1937
3534
968
2742
1525
3568
2810
79
1166
1791
3339
1668
2469
1759
2166
2040
1382
1918
2337
1670
1737
904
868
3886
628
642
998
3429
875
1617
1578
1272
3757
3088
2088
3915
336
2537
1911
547
1966
2829
1802
1617
2136
3761
1300
90
3621
1707
3284
356
3357
1126
3299
1117
2785
179
3005
3483
16
1040
3339
2445
3148
1740
2422
1940
2451
674
3067
1866
2338
3832
3639
349
2943
368
2770
2794
2225
2812
1182
3770
513
3552
1503
884
645
1801
489
2854
1982
144
3741
3824
402
1959
3677
1397
2746
205
2271
294
2155
1014
3900
1927
2182
2272
3926
601
1488
2486
42
1045
1670
915
1348
2437
51
974
3103
831
2787
3421
3194
2770
1378
2770
1707
3340
3031
1164
3617
2627
672
775
478
3486
105
2243
3004
1491
782
2637
2389
369
3615
3134
2943
164
2004
3371
1112
1518
292
2013
2107
1969
1533
2103
1019
757
3248
3799
3684
3864
2083
399
218
3769
276
769
1248
897
23
2469
1248
1627
389
455
867
2316
2930
595
1048
3294
938
830
887
3393
2381
2774
1685
3906
695
577
1560
640
3772
3565
238
2022
2062
2784
3109
2857
282
651
3052
794
1424
245
48
2252
2615
164
3663
3439
1641
2036
3389
399
1238
1719
3310
3771
3785
1795
863
2540
2452
1007
438
2407
3927
1907
2010
492
775
2064
2708
1495
1709
2214
2336
615
1753
3546
3172
2678
738
2336
3146
1950
614
1883
3561
3409
3568
1055
1019
3628
2139
3671
37
2006
2870
3973
2202
1275
3619
561
1955
1927
1628
2896
3363
2018
1567
1953
3065
1999
54
2008
147
1415
809
1295
3445
3763
3620
3063
3775
2790
1168
1392
3474
2787
876
2585
1303
3828
461
2298
1576
3172
2732
2809
716
1884
693
423
3893
86
2576
224
2748
2565
2772
3281
1618
3671
3693
1732
2638
1042
2773
3756
748
3918
2461
629
2343
2188
1732
2499
2034
1058
2545
3380
3823
844
2719
1994
1152
1216
311
1884
2491
2620
1898
805
1690
179
3216
1910
2079
2772
463
1601
2742
2992
760
334
487
377
1686
1081
1769
3409
1846
1587
862
1890
2163
1138
3916
2849
924
3183
2873
282
1495
2931
2391
3864
745
1312
2896
2887
3248
2421
2762
1808
124
2894
1447
2156
848
1158
3079
2406
3238
3802
1502
1123
455
3404
3283
3828
928
1812
1302
3111
2951
1659
1995
2357
2164
3707
361
2458
2840
2560
3295
1891
2210
2668
580
150
769
15
507
1693
745
814
1913
128
3640
3265
3584
955
3386
1463
3559
1401
2557
1376
1929
591
356
863
2665
3033
1627
654
3392
1340
563
261
1589
1659
385
1396
976
3762
807
809
3678
3631
2308
2136
2974
1990
917
379
3100
459
2540
993
2237
955
1003
533
3740
781
1025
209
2593
1510
3966
2076
3857
2530
3665
1315
3819
3782
1439
3650
980
2313
1518
2117
1529
1124
2223
3680
2579
1960
3305
88
2679
583
1299
3139
2743
2772
2581
2712
2672
3798
2147
1811
3932
3789
1122
3144
2175
1280
3986
3079
1973
3749
3787
2582
614
531
127
3082
3010
395
2919
2636
2018
1425
3602
3086
2838
436
1837
3462
1102
3039
2162
3356
3547
2931
2824
3982
2810
237
1974
2439
1456
3847
3721
2362
1542
3221
1309
1273
807
2143
2745
1752
596
2023
577
3230
1499
3006
1745
706
1676
2078
1808
672
1920
429
3533
1777
1062
829
2795
2087
22
2608
1435
3146
3278
3675
1068
3975
2788
886
2653
148
794
3835
2220
3391
3699
3100
3405
1444
2103
1697
3762
1362
446
3680
1253
1414
2404
648
1124
3729
1000
592
2013
3474
3775
2222
1220
1499
3150
280
323
2403
3501
3445
3459
3293
2828
1386
3374
700
2919
3502
2957
3401
2597
2525
2560
1451
803
3544
2031
3664
3763
3669
3180
271
2069
542
2991
1776
1166
3819
3512
1461
2832
1139
1035
3164
3202
3836
1850
1383
827
2594
3372
10
2519
1916
351
2891
1554
2021
566
129
1865
1723
3493
2591
1694
3145
3787
3021
3970
755
1114
1762
681
209
57
2216
1596
3342
334
3008
1110
3310
3887
2793
2024
256
304
2535
1184
596
2316
2050
3015
638
1446
3609
981
2953
1837
2801
95
2833
3839
695
3411
1252
2668
1609
1705
1055
2470
1781
1418
3213
3798
1078
2466
2986
3341
3363
2159
3679
2439
2595
1029
2887
1014
183
3559
1117
2011
2646
1707
2071
1571
2525
1487
1900
3813
3381
128
1695
2214
2851
1637
426
3748
322
2561
1769
217
2698
3935
3770
604
1632
560
3459
3339
2729
3169
3961
1739
94
3928
1029
1598
2770
2559
3532
622
547
3722
1802
3120
526
1565
1451
2091
2981
312
1892
781
2346
1686
3705
442
3049
3779
1075
2031
209
618
571
1758
1659
511
1732
3580
288
508
1232
694
1493
1449
495
2875
2375
1098
699
3096
474
511
1256
2628
81
1893
1903
1924
2287
2110
2763
452
1449
390
1169
733
3946
2258
670
941
2049
3798
3426
3710
451
1788
3070
1978
3947
3537
128
1786
2770
334
3736
664
3597
2969
2853
1475
2022
78
3552
3402
2905
1374
1960
1651
1040
3497
938
2447
2514
3914
1635
910
1337
3901
1742
985
1998
640
3485
792
3286
2833
1696
2691
3219
1347
984
790
2852
3946
2359
2842
3313
2588
2829
439
1708
2356
760
1007
2300
1380
1012
3502
2129
284
500
2462
3443
3721
3317
3102
1093
2942
3830
3878
3455
930
2928
3354
2585
3542
3273
3566
661
1152
818
2923
864
3528
3402
3449
1516
1504
2066
774
1724
408
3062
840
564
9
3983
2055
3282
2788
3031
3626
3981
94
1607
779
255
2969
1556
207
385
766
1519
2654
2865
320
2909
721
2073
3720
1754
2825
2702
2385
3923
3901
1156
3782
358
749
2836
2825
2641
2056
3387
218
508
2435
1938
3613
352
3142
264
3462
485
3849
1880
127
3298
559
3105
1019
475
3047
2164
3630
1695
222
3337
2669
3113
799
1621
3786
2296
2044
2127
3186
866
2333
831
3329
2341
3403
2690
1826
1090
1128
2567
142
2677
933
1694
998
3109
3378
1178
3820
3063
3196
1053
1902
3783
1939
2154
887
977
1307
3849
1451
1728
3003
3157
1698
3115
3414
1020
3399
514
1965
3079
1544
3761
2662
617
1616
1688
2056
3982
25
2980
451
3424
215
2500
1465
2398
844
656
67
438
3354
542
3892
1280
2650
2415
3650
1942
922
2517
2617
2771
954
2592
1573
370
40
3654
3909
3332
2119
648
1085
912
3905
2494
2192
2597
1972
771
1797
3239
3352
3773
3625
3486
841
3059
766
3716
173
599
1615
655
699
2230
1562
698
2999
2442
1346
1528
3345
316
2423
2072
3500
3936
985
1407
1918
1637
2002
796
3046
3920
1574
2833
1766
923
2917
2343
2675
3010
115
3101
1588
1956
409
678
2200
3940
2196
1320
1879
677
1148
3930
1195
2092
3364
654
1620
3752
2791
1303
111
181
2653
2957
191
3921
3827
3566
7
3598
1969
3868
777
759
3388
2687
1557
62
2167
1604
802
3931
1504
3828
1498
2982
2070
2646
3494
2037
3269
839
2627
1107
1131
3281
498
2173
120
1663
3164
714
3286
3925
2353
3915
598
2029
569
3513
2404
274
1977
243
2868
3084
3961
3974
2585
1030
2905
3513
1065
3390
1001
860
3767
2297
1116
1491
500
1077
3986
1468
2038
1073
1498
3027
681
3634
3291
3422
1340
1544
3943
1050
1031
2122
1316
1943
2186
2517
665
2941
1724
2258
1631
1132
696
2978
1058
3676
334
1954
2694
1880
2562
2455
2196
846
1484
3354
3655
1257
2460
675
593
1022
3614
310
1647
684
338
2113
3824
1338
3522
3827
912
2853
2293
1356
2992
1532
2804
1508
2003
2888
3236
3757
301
2839
1715
716
2349
447
1387
3528
3314
2826
1540
2375
675
847
2232
2148
1494
1360
123
2549
1791
356
3902
2336
619
2292
2549
3289
1644
2082
3365
18
166
1885
1519
2668
3414
1001
684
3823
1865
2510
2019
1232
2568
3994
524
3521
2867
417
2571
3288
1041
3268
3806
2012
3568
748
1587
2565
2362
2827
1489
3897
1639
593
2525
391
850
1759
558
2348
271
3575
3559
1409
3632
2046
787
1855
1835
1604
538
3984
751
1068
1095
1707
3136
1119
2411
2583
3762
3713
2879
765
2036
1657
3634
2151
3374
3146
947
3228
3551
500
3587
3058
119
2948
1013
1760
1555
440
1531
1079
1944
794
1
705
1716
2051
511
3470
3902
1605
446
584
2575
1700
1512
940
2116
2082
2451
3846
2013
2253
3652
3509
2104
1743
3660
3906
1441
3609
1598
3250
1972
788
1576
1564
3954
1576
3058
1003
1920
810
1484
3638
3052
43
2610
434
3178
1527
536
951
2309
667
1760
2939
2391
2764
908
3493
2452
83
2904
378
1706
91
3874
1127
340
1510
2939
1151
2725
3281
2384
2148
791
3911
3585
238
765
1750
1247
3837
816
269
2026
3791
2914
3547
712
3240
809
796
1804
1481
2727
2017
1147
1512
2840
2531
530
2254
3275
3027
770
1763
3742
2994
820
871
1235
1654
2962
936
3673
3722
1871
1455
193
1478
150
2484
3245
3165
1807
656
1183
3028
9
3143
1062
314
3900
3798
3372
802
1898
47
2344
2237
431
3621
3932
3807
689
2168
175
2134
1893
3384
2789
59
1526
1197
1476
82
3581
3604
3632
1180
1909
3256
3775
3812
3596
2570
2583
2077
689
3785
1399
1060
3303
1717
2522
3517
1520
1075
3062
2506
2862
150
2959
126
352
2310
2688
2816
2417
2065
2274
3510
770
460
1325
1304
3761
122
1624
1587
3049
819
2869
2932
1162
2146
444
3054
208
3446
2827
3644
2603
3695
3362
3122
2916
80
772
639
1441
1292
2977
1909
3015
603
521
3416
1922
526
2930
3179
2245
2126
2886
2900
2354
1046
3240
2362
1475
3039
3477
3554
2024
1325
1101
3688
1290
2782
1393
1777
3338
2552
2695
2020
3720
3148
2215
1520
3463
2528
536
2455
1628
2897
2140
239
2721
3632
3949
2477
3346
388
1086
1977
2710
1924
353
388
588
2335
3865
2444
942
1362
2053
2056
236
2013
3246
1433
2453
3179
276
2234
3620
2079
3254
3600
1620
2555
2293
3041
2267
3210
1917
1754
2072
488
2600
863
3382
3631
1370
3898
422
3736
2250
3089
650
847
1569
3112
378
2948
2056
3574
2825
409
1804
2988
1926
2223
904
483
3526
528
2522
1092
281
3094
1218
2955
1727
870
1818
542
808
1837
1824
169
1201
1933
3583
568
1258
3277
3346
2846
3206
613
3332
349
3120
776
3169
3151
3060
3916
2170
3140
23
1540
703
3068
2239
655
2340
1306
1996
2781
3308
3370
2583
3627
3904
3512
341
599
1372
2979
356
10
3522
2690
569
2708
3358
554
2633
1170
3261
1361
1154
298
1108
749
1472
3591
1457
3609
1138
2016
278
2006
2966
3015
250
3403
268
1492
2052
3235
146
2292
1364
853
2523
3662
2660
1333
3866
2235
3094
1995
2952
3490
301
3677
3004
1845
2843
2493
2950
1181
1792
2467
1026
884
893
227
2237
1638
2878
2305
2802
1774
2290
363
3620
1994
1853
1885
1436
3658
2745
29
2022
1102
653
1993
1840
3402
347
1369
1588
1254
2431
2472
3913
2171
486
215
525
3627
2368
1858
2854
3962
1241
3872
1550
1525
1455
3424
3786
3574
3472
764
3529
2438
3100
63
633
3508
422
2892
3547
379
2575
2291
1352
1547
1748
732
3550
1143
1598
525
2658
3015
1129
2960
835
707
3523
517
3211
1952
3616
1019
1471
1304
54
2107
2249
1136
1273
3357
1205
613
1421
177
1125
1191
3007
1433
1533
3093
3007
3721
1309
2058
2709
3256
1997
1603
2308
2193
834
2516
3080
911
3826
2854
2748
2994
1361
1126
3327
307
1400
1386
3821
355
16
2130
3230
911
1723
379
1981
2667
1646
1783
2323
784
2378
3622
3653
2908
2147
3100
1453
1812
79
1851
2468
3766
570
3306
3542
2701
420
124
1704
476
370
2787
3818
2509
2794
1143
1355
2291
1945
278
2540
3950
2670
2196
1863
884
1078
848
2534
2618
2583
3321
386
2284
3116
3196
474
986
2342
3729
2227
2230
1697
2358
379
3318
396
3359
3727
2511
3844
806
847
2932
47
1378
897
1007
2420
3829
364
2051
3751
2375
855
569
2668
256
2449
2735
3698
1489
160
2693
3671
3470
1351
2958
1377
375
1377
1964
2976
3135
2991
1218
1649
1908
3351
1775
1953
1844
1370
2831
1246
842
2186
904
815
2655
2669
1909
600
2530
3624
1013
491
2202
2592
2774
2156
351
1748
2171
2253
3512
2825
2918
1240
2736
1239
1280
32
1228
2538
2933
3081
2777
2377
2615
1526
101
2496
598
3375
2924
2905
2112
2586
642
714
1322
936
3584
3682
3056
51
2774
1555
3505
2369
170
1896
1095
1407
2604
3387
3234
2785
3139
2804
2385
1118
2415
440
2581
2214
3711
3049
284
260
1999
607
2867
2448
1757
246
546
3933
2395
509
574
2004
3415
3673
1374
3203
1618
890
2118
2012
2062
1836
82
768
3332
3015
1935
989
3048
1212
808
3804
596
2615
1074
1906
1768
1730
3681
957
1025
3736
612
2960
3727
3521
3906
656
1285
2570
1855
3501
3282
75
3433
3455
3848
1612
3596
210
2784
1854
3214
1677
1516
1700
1882
3044
356
3418
1552
2388
2406
3281
584
671
1694
2292
3455
2443
2306
1630
3163
2194
2269
3805
2907
1570
3753
1944
2125
2960
461
806
2766
3399
2115
2222
810
3324
558
3569
3479
425
2075
2569
1307
2621
841
2315
2214
1374
3097
3831
635
3864
2723
2973
250
3315
3044
3986
2026
2434
2917
362
1683
2098
399
2480
715
2591
580
316
2938
3947
2076
2438
1390
2764
1380
3073
512
1416
1271
2806
1535
3117
3273
1054
3565
94
2007
2381
3296
2569
1606
3592
2915
1153
3947
3459
3598
1295
1269
1161
49
675
2470
3255
2644
1063
1636
2650
2103
3500
3793
3878
2197
2577
3991
2567
2922
991
1583
478
1586
3107
297
1335
2054
3596
1282
982
1744
1750
2765
1697
1737
3313
657
3662
1599
3815
1047
3577
865
126
2481
1759
1258
143
2452
883
152
177
1852
1872
1423
2270
3276
3610
1207
453
2418
3928
1316
3662
2205
197
3472
2838
329
755
3253
1950
967
2137
2473
2769
3247
1353
3691
1038
2491
654
2630
414
3072
3057
1720
767
95
60
2792
3843
667
2945
3585
1077
3056
3940
858
3746
3038
2085
3025
1669
1460
2618
2350
2026
3103
2239
168
173
3006
2586
1434
927
3446
1288
2522
1821
2339
1937
1297
958
728
3511
2905
3415
3068
2302
996
2185
3523
3696
2001
3781
714
1337
2172
2720
989
125
528
2431
3983
2889
2011
775
20
1623
1118
1054
2322
2174
1694
2683
2424
611
3996
3048
1216
3615
2973
1418
2748
651
1292
653
707
1163
1278
2173
1279
3914
2637
583
261
2105
443
1300
1470
2326
1795
1740
965
3111
3183
2502
3519
800
1102
178
1621
1424
1087
3982
976
1486
1439
2341
3717
3939
1968
1151
3335
88
1811
3888
1540
596
1046
3615
1880
1520
924
823
648
1789
217
1786
180
800
798
2540
2714
3400
3346
2125
2975
3402
816
963
2956
2808
2490
631
247
3210
2814
1333
2405
2307
938
2111
2116
905
3740
3515
416
2620
810
2390
2905
3524
1496
2241
2382
2049
1233
3006
1509
3673
883
3415
3663
1045
2649
3045
1274
1906
3909
2377
3270
609
3428
3556
1120
2918
1635
3336
2283
3268
1499
625
1159
567
2146
407
3645
3378
3313
3352
3214
1109
2082
3905
2001
1675
3380
1525
2535
1250
2970
3748
2487
1998
3526
417
109
1787
2746
979
1750
1744
2510
1058
2274
2044
2209
1539
390
1004
3836
3297
2748
2995
2240
1461
323
1570
2659
3017
3670
3129
3500
2669
2816
2297
1340
2756
3707
3227
2569
1836
423
1024
3150
3384
2640
1148
1332
32
375
3764
1478
3034
3852
2405
2533
652
2276
256
1843
911
3582
1196
2793
1212
1251
32
1304
3421
1990
3514
3129
2578
1738
2126
263
2930
2490
379
68
1571
79
571
2594
3213
43
131
1455
3421
1254
297
2005
3882
848
3351
2198
1978
2153
1703
2523
76
923
2425
3607
600
1846
2709
1877
65
2219
292
503
2148
38
754
84
2588
1086
2027
193
2865
1565
2818
504
830
1308
342
947
2666
539
1967
1672
3461
1231
1624
890
2033
1951
1862
3740
946
1679
3853
3379
756
3063
147
1550
3133
246
1918
1710
3766
3822
523
1208
2499
219
842
2284
1938
911
3572
1295
79
3131
1311
3626
751
3504
3007
1035
3452
2440
315
1633
457
1364
1369
3039
2563
3640
3545
704
74
41
480
106
3246
1637
1431
3898
2657
1205
2312
2255
1589
3123
2896
1446
830
2625
22
2051
1588
1688
1454
1762
1023
910
3099
1878
1355
2299
342
868
2221
3345
445
1116
3442
1027
2930
3729
330
3845
1524
3449
3881
1943
2181
2862
2633
786
708
2258
676
3559
1385
1656
3615
3605
2874
650
3188
68
2721
3162
2095
881
1458
2499
1749
3664
63
1376
276
1117
2576
1074
910
3673
385
2080
3610
2359
334
3528
669
2064
1337
947
1198
3663
3400
2008
4
1727
738
1555
1989
2835
2744
1562
2956
2620
1624
3456
2185
2004
1110
723
3006
2073
2935
1275
993
816
2927
3705
1573
3568
3183
3411
2556
2133
669
3235
570
636
2214
1563
3135
3635
3955
851
2954
3945
2134
1868
3751
1634
2091
1871
887
3035
2592
22
3638
541
3864
1662
3541
2813
2090
1165
1820
981
2876
1525
2524
1338
2238
3898
3931
3912
3597
885
2122
1544
353
3785
1826
1831
3659
1972
215
2087
338
1346
3221
2489
81
1808
3285
1366
3151
3493
2649
3803
548
162
2636
1401
2960
1154
1785
2615
950
1292
1542
2325
597
2068
3136
2580
2685
400
1528
1402
3334
1455
1709
529
2988
523
2661
3370
2637
777
3306
1932
776
3281
340
66
942
230
2232
2594
2659
1021
3553
2296
3020
2437
2275
1363
3649
3217
3329
480
2727
2847
20
2528
3747
3270
3215
1494
1323
3112
2686
2363
3232
986
2149
2557
2966
2180
3408
1388
1392
392
241
457
3173
53
1513
2450
3685
3387
1673
441
968
2863
3284
1596
65
2976
442
2606
933
884
1043
2767
849
416
76
1340
988
2562
2103
1893
3125
3981
2033
3913
452
2989
3970
3112
858
669
1268
351
3868
3191
2496
461
1588
1545
1225
676
407
1302
1243
1537
317
2298
164
377
3771
1304
3572
741
2502
2332
2561
1666
317
3450
156
1562
2761
326
2760
2524
141
3826
2420
736
2507
1091
1671
2087
2104
2139
3212
1574
3152
533
3568
1855
3470
1110
1786
1111
3398
1438
574
2641
2888
774
2743
1682
1269
9
1100
1069
2309
1453
891
2752
1204
249
1736
3630
3450
688
1096
1855
2709
3877
2564
2970
2077
2225
782
3112
3957
56
1472
1358
3161
2676
3852
2583
524
3399
3601
99
2712
707
3492
2454
3979
2878
23
1059
2243
76
1799
568
772
1435
1998
3156
1679
3152
2298
2906
2600
1553
2466
122
1052
3903
3646
2932
2628
625
823
3897
1131
3337
6
794
195
2559
675
3051
1390
2574
589
1479
2514
3317
1
1340
1559
2342
1505
804
995
3586
1271
581
2952
2691
1773
2443
1420
3153
2496
3134
3763
167
2985
810
3287
1266
1603
2615
2474
3487
2575
1225
2532
3663
1647
3708
292
2166
208
1516
770
3367
196
165
1556
1182
943
2085
1281
3948
189
1109
1228
2389
2296
1340
1057
2581
1889
451
2137
1192
2989
659
2623
603
3679
2113
546
3547
1419
3571
1261
2918
3297
192
3441
1335
1975
