3988
1757
7630
5539
923
3023
7411
4477
3269
3910
4660
6126
2404
2171
1674
7364
6993
6711
6068
3396
4698
385
7837
4122
3922
3651
2129
4842
734
6767
7555
2308
2281
2436
5642
4540
4952
4172
2897
6705
5336
5564
7823
793
6796
5455
4935
6099
3855
6755
4442
1195
4934
5342
3901
5588
5446
6405
5661
4409
5775
3484
5441
6439
7571
7462
2471
5155
3780
2155
6741
3229
4478
7144
2915
171
4410
3618
6266
3680
2145
5370
7937
5855
2111
2194
3346
1190
4693
1170
7944
716
2475
7744
3553
4098
5856
2505
5990
394
7022
947
827
6744
1110
915
5173
2584
2047
1473
929
3031
3583
5319
6099
1235
278
6554
6206
7970
6526
2719
1531
1358
5645
5265
1441
102
671
5135
1160
2498
6452
4162
5261
568
3952
7500
7484
7832
856
3824
7101
162
2174
2934
1244
4245
1619
4328
3800
5517
388
1418
6413
724
6509
7930
3897
4247
7133
6401
3946
944
4186
2990
6498
2261
2858
2099
1427
5141
5637
7642
5185
6785
7371
1427
6331
7262
7728
1334
5195
2930
3718
623
419
5200
4087
356
4427
7999
7098
2960
6249
1242
6363
1448
3751
5591
122
6199
5951
7179
2310
4698
6183
2522
2815
3779
2093
6659
3093
1235
4126
1842
5613
909
186
1765
1652
4079
5448
4017
950
6554
4730
691
1861
7263
2136
4115
613
7738
5325
3670
3682
2003
2029
7040
7952
2688
5539
5595
657
5410
26
3662
4298
808
4789
7959
4679
4451
3716
7559
6735
4801
5666
6477
7449
4071
1534
1414
6523
7479
4883
6869
892
6668
1747
5952
3035
5434
7389
3251
7156
3467
4306
1735
6876
1858
3663
5616
4986
6392
1960
3043
4404
7694
3114
414
916
6065
3181
7113
6098
3759
2978
2838
3222
4492
130
3632
5044
158
1859
4484
4884
7884
5869
7339
2592
1740
4590
1805
2189
6939
2423
3998
524
5059
6978
6272
5362
6139
3548
4012
4801
5706
3646
5640
587
7702
2134
520
176
882
7681
7271
2930
7356
3516
4290
6963
2782
518
7890
2954
4595
170
1602
6064
6815
1116
6779
1892
5766
2277
7863
4648
6173
5440
7561
1445
6175
4890
6928
2156
39
7720
1677
7469
7778
5888
1699
4468
7728
4365
5656
1948
152
46
2090
7809
7958
7199
1916
118
3505
1333
7291
3730
4472
1950
4562
7544
4478
3259
1654
2834
5007
7485
389
2335
7772
7498
7506
4297
7101
991
2357
4203
1859
199
2450
6744
633
4925
5707
5146
7016
7033
7694
3122
1771
7640
2370
7191
1225
7920
7702
612
2102
2077
2556
3732
116
5958
2866
6882
6232
7189
7703
2936
3319
4405
4657
6029
4399
3419
3056
4571
3364
1663
7488
4080
4705
537
4449
7410
1454
24
868
2715
6925
6261
1575
3579
3200
2241
4788
74
3511
460
6683
3241
201
93
2564
3145
3231
2194
4972
5693
6787
6456
1338
1104
1293
810
4658
281
6801
6199
591
5262
7312
995
7392
4020
403
5042
2279
1961
4714
6854
5680
6271
7328
1236
425
2220
5499
3560
3553
3025
7310
4568
1765
4529
453
5724
7067
4336
297
2693
3216
3240
2641
4605
2707
413
6050
27
7066
1626
571
889
3379
6982
4457
6784
1400
3769
5139
5755
6024
4808
4706
2567
5543
2329
7288
7533
5878
4971
3586
3327
4145
7309
3424
5737
2067
5386
5873
1416
4144
1950
4600
6535
1934
7163
5859
1176
6878
3136
5488
4112
2275
4477
5016
5502
1465
1968
6959
6568
1152
7755
4569
4320
7998
3910
712
5446
4960
6613
7121
1186
6660
4114
1604
7197
6653
4342
104
6026
4588
3605
7335
4083
5129
1931
4990
3923
7024
4549
1881
981
3469
4869
6631
5554
4362
5458
3507
431
6455
4027
7895
7194
2542
6825
7524
4307
7189
7315
5682
7153
7774
5089
3679
4424
7594
100
6277
3261
4606
7642
631
7905
7765
5316
3449
3380
6821
2113
2610
768
2988
5343
3737
7516
1889
3638
3074
2254
1104
1322
7753
5957
618
2056
275
5027
7981
6065
3170
2392
776
6155
6449
7931
6951
672
3757
7450
4702
229
5272
3815
5901
3492
3179
4780
7809
464
3606
7008
3617
4330
1467
3187
7219
6635
399
5321
3453
1387
251
3438
3203
7708
6457
1924
389
4894
706
1716
3199
1369
6395
1374
5039
3370
6489
5912
5298
6886
4605
3811
915
490
5450
1651
4398
3701
1705
7329
1771
15
3068
1776
6947
7434
7899
2783
7416
3316
4242
7104
1282
5176
2993
4243
6466
5963
4051
6328
4829
7028
2916
7916
3215
6094
6463
3489
2479
2532
6367
7618
2629
2330
6763
1471
1068
6461
7892
1856
7382
4104
3601
6778
2691
6580
284
6880
3045
7760
3072
7462
2096
3998
3636
2146
1434
5241
5808
1246
6719
1516
5227
1253
1571
5422
5426
7208
5473
4078
934
3952
3513
952
5897
3994
5593
606
424
2636
4621
936
7862
1619
6480
5066
3296
3408
1986
1982
7807
1698
1757
4606
4883
2671
6405
6697
1555
4238
4207
7984
3084
4951
6249
2221
2248
5864
6309
6607
3842
5481
5207
6636
6242
6975
4164
3770
6111
2881
4080
3520
2876
2035
7326
2875
1798
917
6689
673
5762
5512
3326
2126
5284
3724
1635
1124
6891
2775
2817
2816
2287
1656
666
3210
1307
2758
6362
4956
4142
1605
3938
6509
2503
6501
6350
938
5641
3269
3525
3731
1350
191
7983
3512
1037
1882
4104
754
3697
1187
1187
2414
2121
5591
7538
3613
5748
2919
4674
7726
7060
6861
6387
5482
2673
5497
5865
2970
2341
2127
5235
1255
5642
3907
3730
1801
2717
1098
5604
5039
3214
6393
3012
370
4381
1064
2988
1329
6304
7127
4449
2342
6020
6816
4216
4147
2415
3526
4750
1586
7083
3914
5101
3815
7030
4846
4919
483
2270
2058
4771
1094
5131
5787
5344
1059
413
1173
6673
5139
2679
1142
1256
6852
4506
7005
6056
6954
550
7614
2618
547
2454
2464
967
4792
2343
7901
2400
447
181
4466
2219
1561
7284
3617
6482
6890
3840
254
398
6975
6746
4576
3093
5770
6059
3218
3248
6063
2180
6265
4967
3116
1664
4105
4875
2609
1650
1642
5818
2084
3178
1917
3825
3023
3495
1721
2618
920
4683
3005
1773
5847
5458
3470
1410
1971
1834
3852
2403
7132
1301
221
870
3075
3064
4713
4964
6740
7411
1982
7910
4811
6028
641
3003
6407
5759
7583
3827
3244
2240
1867
2290
2126
83
491
1895
3069
3605
3023
862
7824
4125
2092
7375
6834
6529
7552
1097
1328
4196
1495
4580
5751
1936
6653
4700
6851
6772
3051
4206
1415
2574
7722
934
5552
900
5239
6772
5525
2751
752
5426
3881
545
4118
4055
3807
6402
4551
433
5109
7155
5718
4175
3147
4545
1435
4031
1030
4735
5034
5411
3453
3067
764
206
7174
4296
3865
1144
6647
2733
3224
4201
3074
2125
4540
2473
3632
1182
1304
7943
4687
1851
2825
4325
4554
5005
6979
2152
814
6286
7715
1273
3738
5782
4263
5382
1872
4396
6796
7572
2324
3230
901
5901
1892
2982
7773
3827
124
6371
2121
7031
6239
2715
3625
5405
5810
1936
3826
5328
1531
4307
6384
7469
2677
4103
6619
4351
3801
316
2963
4902
3344
7635
4475
2217
5981
1152
1936
1513
7517
997
5366
5143
3993
7682
6567
6066
3090
4702
157
5679
2259
1832
1660
3574
6631
7554
5260
1886
3761
4734
7414
2563
947
6670
5973
1708
2687
3237
7146
3244
2959
3255
1763
7019
7404
6714
3339
5197
3848
6229
2581
2219
3964
3229
4296
2543
3775
7188
7577
5368
7342
1805
69
5739
3523
4589
3530
5069
4186
5931
1688
4092
2627
4624
1287
4553
1825
6527
948
5421
7013
7217
7467
1341
4402
1080
1509
6296
5387
3764
2834
1025
1583
3541
2146
3331
2840
4828
1457
7755
368
5885
970
1743
4466
406
5479
681
4892
4508
489
7532
6056
5204
2464
6560
926
1076
4126
1989
5082
2718
5917
1286
6854
5724
4791
6325
4338
917
6310
6517
276
7987
2214
1560
6120
195
6836
4985
2346
7669
2476
3744
365
4840
6074
1982
2629
6395
4521
6999
6519
5311
828
1083
5123
1085
139
6782
6763
6867
5522
2713
7789
2429
1484
7836
7608
3991
3291
7057
4359
4735
1094
4242
5775
5010
4817
6221
7091
747
2078
4989
1941
4103
3897
7781
6165
1772
4949
3783
4257
7414
7400
4918
4125
4945
5420
5393
5948
1294
2134
53
1611
4080
417
1923
5854
2849
5419
1532
4133
4562
7514
712
2020
3833
4542
3812
85
2449
3436
5919
3148
3482
6243
339
2854
1188
1858
5803
5839
3380
5745
5381
5504
3299
776
2669
3175
3841
2495
7966
4659
2791
467
1540
3904
744
5330
5881
3095
368
3832
4516
6949
388
6790
7247
6109
570
4460
4694
4094
5679
972
7525
5405
1703
1694
3343
399
5911
5629
3223
7127
6510
3235
1723
2392
1581
5510
4603
4277
3956
5208
4452
1136
4557
3388
2523
5520
617
4226
1152
1140
2713
2650
1335
4580
4508
5621
4466
3137
4355
4653
7367
5182
5386
1047
1252
7706
1529
3171
7931
6022
2037
5222
81
3128
7383
6706
1052
187
3723
766
2090
307
1529
106
1676
2950
7951
7634
5873
5729
4656
756
3914
588
4592
809
1330
7822
7329
415
551
86
7204
2812
1478
5644
4320
4034
5861
2389
6811
7887
4649
127
6661
3363
7632
2574
5496
550
2409
7076
6434
224
4007
2653
3031
1447
2252
3024
6831
5857
1026
4463
7841
6794
1297
1077
6394
3375
2270
5765
4677
5495
6369
1961
1633
3482
7754
1169
4066
7362
1303
1834
5765
6646
5281
2359
5498
3262
5611
7872
5531
2946
7126
7954
53
349
7770
7768
1167
1861
648
3383
6031
5219
5477
3769
7815
6627
5726
5624
4354
946
977
1643
5305
2281
3796
1872
5900
7171
5641
6212
5249
5910
4708
6101
5026
310
3304
1552
4082
5117
2574
5413
7698
7502
6637
3696
2031
643
6585
6580
2095
6684
689
3407
5097
3885
6021
5923
66
6043
5977
6771
5160
6197
5119
3055
2981
3464
5673
5301
368
7366
5732
7144
821
7258
4441
4048
3847
2891
4023
7660
4874
2058
4352
2083
7363
7220
261
1963
5003
3314
205
3249
7071
5863
6698
3845
1609
4455
1621
6663
4478
278
6078
907
5605
4188
3565
7191
6395
1138
3981
4791
4250
7760
4519
5571
6258
6663
1974
2736
1588
6082
6172
2987
6633
6457
3782
7537
7495
3968
5601
6142
505
3288
4599
3327
5799
613
6882
5935
1153
541
7399
6862
4791
1816
4945
756
943
7216
5694
7206
5043
6236
7695
4298
7877
419
1276
5481
2739
7483
602
2446
3678
195
932
6690
5260
6544
1059
4692
3159
5747
3481
811
7597
6170
4694
3608
4235
1251
6627
4959
6822
893
1644
3763
3782
6306
1819
840
5745
6245
7370
3147
3685
1901
120
4545
5195
6124
811
4643
3584
6690
347
326
4796
3720
2505
2967
3338
2938
5724
5125
5680
6220
7885
6264
6279
7428
6113
731
2103
5593
6536
2595
5945
5905
4783
6535
6451
4614
7329
3919
7365
219
7613
193
1265
5193
5757
4458
3400
5005
6973
7281
1314
1707
101
5860
3609
422
4575
2115
1010
5000
5416
5325
6273
7486
5895
7698
3134
945
5217
1719
2874
7403
2855
3462
7755
5409
6137
2201
2111
2938
5741
2995
4406
4408
932
6430
4910
1661
2267
3924
1435
3195
6555
2257
6645
663
231
3521
5049
93
4863
222
6978
1747
593
4733
1455
5115
3539
4372
5385
1614
5980
4768
3999
4421
5494
4506
6972
7833
4186
7894
7027
1582
6990
7096
1852
1086
1700
4470
3127
7229
453
1710
4951
5299
5913
1258
3074
1639
6354
656
499
7610
1731
7879
6468
629
2156
7304
1281
7871
1667
1770
2446
5028
6069
5228
5523
6160
606
2716
3281
4390
5012
3573
6739
6080
1516
7325
6235
5963
2102
1574
5830
1707
880
3058
4529
376
2334
7878
56
3012
3418
784
4866
4022
4530
1462
3956
6245
1839
6141
3402
4781
6065
4980
6338
200
4160
6639
7875
2145
1571
3321
429
2099
6690
5359
4765
794
3023
4941
3832
6061
7812
4297
2870
5619
5446
7541
1550
6774
5162
6139
4795
4645
6884
7241
4574
1851
1617
3377
6986
4088
4057
807
7185
7084
2794
6109
3867
5908
6732
5545
4770
6086
5817
3831
3332
6373
2433
3957
5648
5371
1593
2872
2601
1908
328
2699
560
3827
3151
4971
1928
4849
7165
941
2331
5312
7367
1986
141
6485
7033
3802
3627
5159
2598
976
3695
4354
4616
5843
5751
6988
6586
4780
621
7670
13
2912
3824
7053
6953
5649
4443
5417
6763
483
7398
3035
400
1753
1528
1197
7542
563
212
4547
2424
6931
6823
5094
1348
6621
2263
5702
7339
5793
1932
885
7522
4965
713
3192
3952
3545
2953
5593
692
4062
7188
977
604
5308
7115
6392
4315
7540
806
5998
6917
1516
6994
5169
1168
4102
2722
3941
6384
553
2328
183
1661
908
3585
7827
6067
7539
924
6524
1844
1355
171
3647
3556
7374
5601
1335
7493
5031
3526
885
7717
4818
5737
3775
7078
4955
662
3238
3623
6286
6206
5363
7102
3514
5892
668
655
1462
4267
6563
1109
4532
1390
5686
4164
470
224
3191
7315
5515
6068
7390
7045
812
1659
5224
4843
7978
1141
3106
6085
4654
7170
206
2227
1793
2836
3762
1304
7899
4917
3796
5527
3854
6229
2901
427
4836
6464
3273
2506
7124
646
7996
685
7579
2744
5282
6767
2555
1731
6294
4160
2824
279
3944
3017
848
1496
3630
3433
2542
2666
4825
5416
7995
1965
7890
6009
6657
7576
1337
5995
3367
3706
4565
3846
2367
3409
1650
2430
4062
663
4810
4661
4841
1497
7937
958
2530
2353
5010
53
3768
6503
2397
6357
7461
5188
97
1581
620
2444
7572
265
4874
5235
3928
4263
7065
1761
4609
1032
1638
6721
5701
1932
6490
45
5789
7749
105
1515
5402
3855
2883
7606
1860
5681
7313
3247
1396
5092
7224
5695
1483
6337
1266
7408
6519
7869
2769
7090
5198
4642
7740
2981
7420
4515
2018
2518
7635
6235
7876
4831
4866
4964
7874
3885
3969
6319
4434
2215
1349
7686
4776
7488
600
4304
377
828
3150
7593
415
2921
7139
3981
7081
944
3765
2252
1935
3052
1882
6984
4104
7578
6117
1732
816
2329
2034
5562
5585
3696
6251
3605
6334
934
4628
1244
1896
3097
5247
3053
3861
6907
3272
5311
3138
3268
5531
3809
6582
6074
3845
2399
5123
6534
1768
7199
5930
4495
3190
801
6380
4680
455
3847
7246
3264
6855
897
1389
2359
6967
4901
4201
3020
5022
6184
2287
1050
7783
1326
7073
2238
2512
7115
3125
6413
6468
1129
5345
3294
4810
3228
1955
862
4998
3989
6143
579
4833
7479
4902
7215
1181
3790
5069
4417
6296
340
7794
2236
1111
3559
620
3627
7573
3696
75
4417
2031
6308
6913
7107
1528
6041
2364
7358
6378
7325
6848
3213
3761
7093
596
1213
5132
5996
4474
6571
6834
3357
6077
5942
7532
7593
6649
7850
1392
3643
2594
4496
1196
6207
3949
4712
4375
495
295
2291
5074
6220
6612
1135
1473
2618
3781
6444
5494
334
6335
1732
5925
401
1041
7641
3140
4610
5446
2252
2440
2207
7727
185
7136
1039
5136
5059
7942
3622
1182
1581
6381
3238
168
685
5901
351
1524
7858
6885
802
269
5516
6645
6440
986
2519
5030
6714
5267
7122
4391
3718
1579
6228
2844
6300
7448
307
2028
2037
3682
4767
859
1826
1207
7278
7210
4194
3060
5015
5040
1148
863
7523
4441
5889
2903
4155
1605
3478
957
6473
7961
5473
4254
4659
481
1534
618
7090
3700
1582
2150
7310
7561
447
5475
696
2173
3574
6438
4090
6217
6440
2154
313
3558
5646
1592
2849
5359
657
204
4214
5293
850
4880
206
1638
2604
3673
528
434
6525
864
4205
5140
7744
160
2521
2592
6912
7678
5942
879
2114
1263
2478
2614
106
6001
6476
2322
1680
882
4935
976
6078
6497
6948
2502
5566
847
3898
4208
1831
1749
3140
2132
5964
2125
7302
6868
544
1013
4206
4318
6661
7704
1128
4263
1330
2414
2789
6239
1546
6466
2683
3753
2814
5087
6883
3734
7490
2063
4786
3910
1136
275
6457
579
4431
5740
6937
4328
6012
1041
2740
4593
1435
7167
788
3172
1742
5526
1112
1762
2726
1577
3269
4660
7320
3441
1192
6762
4973
4567
2588
424
382
5488
1048
100
1337
594
5612
4112
6312
4941
5635
4013
772
2984
3782
2230
5430
3604
7207
424
83
3001
2017
4337
6083
4043
1332
4137
7062
2279
4324
229
250
2770
6721
6639
4135
1288
4053
962
3040
5315
7486
3572
7720
238
6063
1031
188
384
7886
2709
6582
1976
5982
7345
5069
7936
2465
2949
805
5957
2391
5461
3515
45
904
6081
3260
2655
1241
5900
7596
7679
1810
5889
7403
403
1300
3056
6711
4209
5522
5506
641
5492
700
6565
6524
5634
6346
5262
179
3382
7458
4529
3896
4012
6185
645
3586
6906
4694
720
6462
2636
6850
5052
5826
5946
7083
4230
881
5173
6802
4931
5192
6900
6944
3126
4167
408
5911
5160
5055
3433
4768
6744
5167
830
2170
2384
7294
1029
1680
2928
4670
7470
3041
1082
432
5410
920
601
4833
1828
2444
7254
2924
4392
3549
927
5196
5057
5965
3947
6645
3420
5712
2855
1696
1198
5279
2770
783
138
4810
2044
5309
1848
5283
4915
7915
4610
1265
3734
807
1362
7702
6267
2914
7137
5436
1298
4018
6537
816
7909
3071
4435
3854
6491
5032
6745
6680
4585
5844
2558
1159
7414
6691
2733
7237
2949
2331
2578
7313
5312
782
5779
272
5047
6463
2423
2919
122
182
3290
2642
2898
6366
4165
2689
905
3295
4038
4473
1218
7162
1223
1205
2961
6845
3501
4757
1561
1734
5261
3533
1480
6085
3128
4467
3540
5558
3896
7135
2515
1699
4155
5683
1772
7252
5245
5143
129
5262
1377
1597
706
5826
432
1677
1277
5709
4188
2772
6042
3311
6442
932
1249
3639
6251
2216
1977
493
2605
5696
2292
7785
686
7028
3239
3830
6493
1316
4866
2462
1324
1464
4561
2137
5916
1876
2214
4072
5034
1983
436
1468
6186
2457
2622
5593
3372
1689
3319
7529
339
208
7516
940
6472
6940
7885
181
6494
6290
5743
589
5225
5959
3839
1190
6780
6621
6536
7353
2561
4879
5645
6931
158
2836
269
5393
6603
1241
6907
6796
4480
1490
5436
7964
6475
2804
7314
7102
1804
230
3434
4624
6403
6850
2320
4448
5475
4100
4622
7677
4241
6535
2462
2127
4784
3663
5991
808
3487
2790
396
3721
3755
2845
7936
4682
418
1321
6548
7544
2651
3891
4829
3114
6429
4930
7961
4059
4674
1636
7440
3884
1464
1393
2836
3171
5466
3142
4884
6945
7371
2583
4684
7050
6777
187
4071
3517
5277
5852
1444
4405
3144
5938
3081
5448
315
6261
5543
4287
5731
268
5363
1438
7111
7043
6063
3078
2895
5888
7515
5784
1134
6233
1648
6598
3924
3735
1739
6127
3302
351
2909
5682
697
6748
6851
246
2287
5100
5851
7067
1671
4130
856
4829
758
3480
5825
7698
3474
4363
2253
3039
1247
3228
7134
1489
6512
1771
7949
1590
2570
1780
2034
6182
6091
6841
6397
6825
4473
6624
6093
2073
4886
2365
7198
237
2128
5941
3374
4269
4727
7610
4009
3470
2892
5076
5432
5492
5502
5562
5566
2044
3194
7522
6930
898
4724
1657
2541
7278
1667
813
3983
7491
1138
3664
3772
3700
5176
6283
4449
5241
7716
1217
7250
7720
3470
3317
2664
6734
4926
3964
802
2981
181
2600
5581
6657
5360
5375
5008
4850
6483
7109
1126
3054
5914
3569
5692
6997
4222
3383
3571
2131
5196
4669
5968
1418
131
1329
7616
6292
7573
2884
4405
1378
2668
4946
1472
7045
7531
2927
5970
5423
6497
1392
7482
5875
6512
4158
369
6380
6748
4462
5501
281
3044
5905
4853
7174
749
7900
609
798
848
1883
3874
2037
7167
2368
4795
5946
3276
738
7176
7660
7698
6346
143
5357
4636
6459
1272
3415
3591
25
3326
6861
2851
1944
1317
246
1365
3950
3276
2779
5355
6445
5094
7546
4464
7313
5309
3706
3120
7252
552
970
6938
7223
1269
4843
5712
1086
5839
921
4639
6685
6481
599
611
1687
2835
3204
1522
1959
2934
5314
7606
4269
1570
2456
7905
3997
5340
2333
4383
1432
3743
6082
3052
5668
1527
2125
1743
7795
978
3705
4520
6251
4022
6563
4364
7219
2462
7231
7283
689
3690
199
957
7302
1232
737
7941
2094
1230
4852
4209
6300
1986
6040
7911
6674
7537
2001
5160
4910
1779
7782
1927
3915
6357
2292
2310
523
399
1054
5546
51
6763
6366
673
6855
1604
7951
376
6051
7013
2991
105
4123
2605
1759
4077
3573
7066
7408
1915
3290
5505
4153
2460
5111
1471
3833
6727
3674
5822
2158
6532
3071
2326
225
1402
1027
7408
6921
4390
6538
4586
7847
753
5789
1826
3330
744
6973
5573
7064
6163
4931
2335
761
1688
7700
2111
3882
1669
6893
225
198
4153
1683
6749
3565
3528
1314
1375
767
7137
7797
1844
7155
4590
3127
5761
1940
5109
2657
1924
2939
714
2257
6023
5905
7977
1736
7034
3544
1202
5138
242
1026
3639
822
3777
1709
5209
1841
5544
2689
5768
3087
1659
4657
6471
5354
293
1164
2314
6631
4371
161
6075
4696
5718
4858
6513
2816
5145
7523
1747
4694
1049
1527
4892
4353
7761
4869
4887
2603
4391
463
5397
7600
4954
5264
931
453
7011
5558
6837
3607
5723
7931
6680
2680
2030
6976
5815
4199
1167
570
6541
7363
20
1701
6263
6092
4108
283
6389
1181
601
3737
7410
1437
6273
2713
6569
1295
489
2739
7450
2208
7904
3569
6531
472
5823
6088
2951
4852
1153
7724
7046
4058
2364
5209
5192
5667
1848
7908
7853
3928
1204
7688
7430
923
6675
4717
6276
6992
1005
2275
3555
2648
7999
7440
5610
7720
4466
4185
2983
6096
519
5941
1776
6967
437
5000
1369
6896
3424
6704
676
6046
824
2238
3755
7798
7245
5482
6801
6035
4354
6699
4070
6648
312
5319
730
5615
5786
2682
7273
3183
4854
5319
7414
3663
191
5806
4185
3429
6034
7004
7498
2585
5417
1035
5190
5095
2778
1181
3728
3336
2435
6232
3329
721
5668
1517
1546
6263
612
6566
5966
2336
630
3830
359
7316
1924
6906
3780
1032
2152
2718
3950
2324
109
1539
229
6279
786
3057
2875
1527
2114
641
1060
5863
3434
1601
6417
6918
7962
2767
3332
5424
1310
6675
1407
4395
2026
5997
5403
6664
4344
6869
486
4705
3235
6241
3733
3088
5945
3534
3224
1711
6096
7105
417
4578
3851
2757
5053
4466
6971
6508
7044
3430
4206
1270
6448
7329
7539
900
4094
4576
6899
2496
1025
2043
698
4181
817
7537
7149
7352
3267
4890
1581
1066
2365
2
5776
3575
5231
6851
3269
1005
4790
4631
2565
3816
4646
577
2487
5112
5503
5940
5150
2368
3945
3023
2651
6824
5130
7551
136
5747
413
7836
6976
6998
2150
7012
5382
2881
2758
3373
4539
6381
5976
4203
4324
5582
1528
2734
5071
159
560
5604
3066
681
7769
3500
1500
7127
5738
4563
3807
1080
6297
5302
7385
7447
3134
2485
6538
2934
5101
2486
6507
791
7537
2181
4100
3598
7284
356
6036
3167
4771
355
7755
821
7418
3213
2604
5048
6593
3800
1828
2178
523
343
343
5357
1166
7720
896
5107
288
5523
4248
1629
6040
3735
5818
4998
7609
5213
5124
4453
5025
7151
2574
5683
4208
1312
753
3285
3063
6228
1982
7252
7953
512
1976
1623
2094
3374
282
541
2218
1534
5172
3230
4615
575
7611
5257
15
3959
3779
2254
7580
6472
564
3449
516
5803
648
429
7164
6842
1558
4582
3046
6306
5969
4560
4649
1515
1235
5040
3901
776
5239
6776
4117
466
3771
4557
933
1971
1118
771
2525
7561
7827
7333
2437
7101
3888
1241
4161
4675
3854
910
2420
65
5783
5638
1412
7006
1132
4400
7139
4323
3021
4163
6596
6281
4136
4908
3741
5359
6362
2899
1200
950
7669
1795
11
5065
5116
6724
3061
7286
1884
7829
7998
2076
7010
4079
522
744
5083
1900
3517
6813
7300
568
6132
6212
5691
1942
6905
1585
2914
3802
5571
1774
4940
5096
3296
6287
1238
7238
5544
5797
6651
6329
1808
7610
895
5635
6038
6273
7120
3410
5941
7364
3129
3228
7707
5067
7042
5014
6244
2925
3671
2789
5188
3935
1544
5260
2271
4581
4585
1811
3906
2188
1839
6120
2078
6403
1641
6959
6257
5559
1990
2695
7932
7522
2611
3407
2215
7673
3794
5108
6084
2938
7316
1010
549
5792
1126
2696
2820
6719
1795
7202
1324
3557
6180
3720
5899
27
3952
2720
6208
3159
6523
4304
2852
1645
1240
3142
3293
2486
7346
3862
4748
7995
3816
4409
846
757
1085
4264
7910
1756
7066
6765
872
6305
3373
333
4948
2649
6760
4542
2944
7651
5982
2683
5189
301
6277
7165
5879
2025
5368
7300
3072
1540
7553
1132
4995
6241
2576
2740
5747
2047
7900
2249
3453
2983
1940
1525
3855
1860
1928
3588
808
7431
4227
5304
2847
5561
6655
5511
2321
4894
5327
2014
2412
23
5156
2277
1757
6905
6540
1976
5242
5290
1449
3357
2792
5964
3465
558
6618
7933
4450
7491
6848
3612
1021
3127
7717
7336
4043
4954
4534
4070
1996
3217
4732
4979
7663
3603
1361
4101
5277
6886
1037
4982
561
2799
6066
6156
267
2662
5219
2350
3897
6374
614
6306
4239
7283
4450
7708
415
5250
5531
3893
6781
7759
5208
6207
6520
7044
1154
962
3275
3370
1735
6954
630
5564
15
6539
6390
1274
2356
1193
3505
7051
6372
7211
7385
922
5665
4122
4955
4222
886
3440
1121
7107
2869
5347
5326
3526
5330
273
7251
6016
3165
1371
5961
2339
2133
2838
2246
7114
16
1430
392
3166
6519
5617
5953
7614
6737
6663
263
3318
5508
1730
478
5577
4079
6222
6787
2099
3689
509
6626
6212
2681
7939
7726
4366
3089
810
3220
3232
6493
6804
3724
5558
3555
5577
626
246
5625
577
624
1799
4022
6906
1584
3969
2331
5991
411
1249
1571
68
478
429
1840
312
5349
227
332
5888
3283
2368
2018
4983
6830
4637
7495
6052
3501
6298
947
6372
33
6959
3880
6180
4227
6900
3781
7046
3129
3634
6479
3354
3546
7257
1635
1900
7165
4618
5269
3478
4301
7078
3654
2653
1065
3604
5914
6679
1876
2865
666
7330
739
5198
4413
1345
2737
7995
2364
640
7203
539
2777
2456
184
7836
5093
3911
2
6408
5712
7598
4754
305
5407
6489
1210
3199
1149
7842
6148
3985
4020
5862
3904
6499
6545
3348
6870
7590
2153
519
5630
4096
4749
1411
5092
137
2322
7120
4712
1526
4583
922
1874
7860
2784
4529
1533
4888
6539
1736
5956
7831
2704
6485
4270
2263
5949
6165
5879
5781
6512
5868
758
2061
7328
357
3021
3087
176
772
3381
1175
2528
5197
3963
3812
3904
4977
6534
2520
5213
2345
100
17
3238
4381
148
5122
763
4821
7356
4565
3195
1425
754
2698
1646
618
1284
3040
2632
3662
1639
4787
5315
2450
2618
3311
2349
6997
4452
6523
4745
2680
4704
1555
1014
1034
5856
817
4694
4550
203
5480
223
2785
1656
3729
4829
5310
1256
368
5841
3089
6705
6058
6937
7626
445
5315
7754
2517
3210
78
5158
6278
2822
3762
6464
1770
5924
692
5985
689
2186
2585
7703
2247
2446
7778
4551
5506
7918
7795
6504
7329
4211
3923
1505
3382
2886
3369
5093
7550
3729
1878
3519
1734
1354
6120
4946
3203
435
3721
492
7090
5684
6851
659
5388
6862
7172
3172
3067
5906
1800
4717
6934
5873
2393
845
4155
7004
44
4759
5447
1892
5140
2093
2079
316
6286
3512
283
1618
3823
5027
6696
581
5628
5322
6021
2817
7784
4022
5696
4867
3825
4345
4599
2927
6960
5142
5569
955
800
5757
1464
3173
3647
7794
1701
4892
1276
5142
3653
1140
434
1593
1521
3842
6327
2580
6548
7890
3097
4909
4251
5503
3813
1627
7711
3680
4481
1438
6531
6442
119
4451
380
733
3663
949
1041
4510
784
1369
4286
3022
41
7467
4865
5648
3309
6816
4803
2048
6583
1851
5399
2849
1431
4571
5020
7863
3078
6869
1713
1219
3654
1348
1190
2921
1568
7101
1393
7864
6019
4344
4229
6526
2068
5236
1480
5219
793
1420
5942
7803
7887
5176
4791
1773
5340
5824
515
2905
737
6994
5140
7398
2108
7116
3964
318
2595
5800
2474
3516
5757
5745
1265
4371
6079
2519
4703
3060
5222
2259
6809
6836
76
1448
5844
274
5708
2326
3914
463
7731
6019
5173
649
4255
6853
4829
4240
2991
3484
1177
3274
1929
1171
562
7624
260
5845
2001
7493
1226
2012
7263
6612
4047
209
800
2004
414
7231
189
1988
470
7606
5320
288
1239
5814
3202
7718
7830
7013
3004
6250
6404
3895
2964
672
2183
3028
55
7023
7394
1681
4601
38
2580
5634
1008
3869
7878
593
2038
5141
4117
1349
3782
2525
3202
4749
3612
6204
7996
5194
3287
6005
1896
6989
457
1256
5112
5663
769
3527
1149
5185
2224
2463
7877
610
5500
2601
7869
861
4866
1699
6370
4922
1506
2950
6485
209
5459
757
2199
7671
6768
3924
4407
2810
6869
497
4121
7638
7193
6125
6119
7947
4593
6240
6799
4192
4888
7326
7174
5689
2623
3676
1292
7152
5378
4083
2092
1145
1475
7126
402
4784
3931
6062
1810
3592
1391
467
375
3305
2060
1589
3859
7629
6796
4451
1665
4513
1373
3528
6358
3845
3265
1791
7564
7696
3031
7050
5369
3614
6043
3444
2080
786
4010
3895
5489
6816
6131
5920
7695
5948
2071
3032
7244
6745
2612
1612
7267
5724
1098
2357
6070
2403
614
4789
5455
7835
7899
978
2719
2490
490
1025
604
3513
3982
890
7669
639
1995
254
202
2883
5894
6570
2094
4004
7015
5299
69
3501
5396
381
3304
2470
3357
2053
4970
7701
2562
1152
7926
2955
2252
5336
978
3174
2983
909
2423
5471
5192
6447
6121
5011
2678
7393
6678
914
3188
6902
5719
6465
7236
766
7911
4777
7820
6507
4336
7206
1761
4363
7760
7180
3213
2571
6338
2433
2771
1936
4556
2940
3555
4032
7238
7723
2738
5618
6637
1940
353
5444
2871
6517
3173
3886
1923
6539
5905
7678
124
4694
1243
4828
2460
1477
402
5762
122
5142
1296
1105
6352
2789
2540
4697
1186
2238
1256
4981
1699
4800
4756
6352
4925
5226
3343
3858
7539
4167
4356
6130
3205
6424
7020
4552
7785
4395
688
579
4751
7582
4060
1648
1928
6567
4773
3601
4350
7980
6029
1849
6378
4927
1894
5319
2344
5376
1012
1454
173
877
3805
7748
4005
3044
6588
4278
3038
6630
334
1287
4454
1112
7261
5361
4128
4517
168
1481
2101
4404
4022
4560
5004
6535
30
4503
1587
3149
4916
2456
5091
2755
3133
3276
7008
486
3945
2191
4383
1095
4754
4698
3473
6480
3145
2621
3664
2173
7176
738
1907
3913
7172
1770
4192
2155
3908
3755
1453
3639
3847
7932
6214
4476
2636
5284
1101
1940
7450
1629
6554
4738
483
6445
470
2607
5549
2441
7703
5556
4409
6175
3274
724
3536
4982
128
7755
2465
5466
3314
1163
1365
5039
5306
6361
2258
3588
766
6812
363
7467
4801
2185
4928
786
3336
6104
6034
614
5564
4152
5423
2957
2192
7987
1924
999
5233
6026
7006
880
2761
729
7114
2159
191
4907
7471
3187
2162
6045
2886
442
1153
7279
988
3278
4214
4096
2979
1662
3520
6720
5137
5781
4205
118
2913
239
6232
2696
2322
2204
955
3063
2176
5934
3454
2056
183
5755
7484
2128
3802
4650
3304
6039
6855
72
1055
3677
5954
7731
4053
4136
4300
7631
418
4166
6978
4669
4900
4456
4070
2117
4915
4809
2627
4674
7300
4538
1739
6922
664
3427
4541
7168
713
4901
5549
7787
4413
4368
2477
3429
1630
6627
7268
1675
2760
4542
1229
3892
1435
4253
2912
6217
3044
4993
4196
5325
2581
787
2918
338
929
6537
6851
6061
1651
5368
7213
2405
7768
5441
6849
5944
5143
5640
400
4793
943
2825
6531
1360
1768
3568
4748
2817
3901
5937
3704
10
4706
1006
151
696
1007
2717
1675
6722
6892
1783
3907
5291
6398
5915
4299
6976
4116
5938
4720
99
3204
7284
2813
3733
5640
1450
7530
1811
3145
2393
7559
2707
4338
1979
5584
6024
6997
6903
4665
5917
3371
4831
1089
4113
329
143
2534
4506
1395
678
1929
168
3114
7593
2190
3317
4681
4466
1095
6579
3057
5820
6600
6021
7867
7808
3429
6730
2961
5273
6410
7974
5030
7802
2611
5658
2752
2133
2505
5744
6483
4317
5733
1882
1671
1840
7033
5041
5249
1446
5480
6267
5039
125
946
3859
2019
48
5748
7908
2578
2141
1022
5922
5165
3243
2530
4448
2466
6497
7140
1724
7192
2932
174
89
700
5997
2627
456
5610
1628
6232
2552
3799
6747
4842
7563
1189
7493
4174
5180
1927
7563
5950
4650
2408
5956
1777
6718
4479
367
3475
7667
6796
2222
1125
4879
6978
1439
2831
7627
1107
2052
7200
7362
3716
7991
6456
3013
2237
4589
5425
649
4874
2625
7693
2384
4291
4263
7665
2502
885
4129
2664
1521
1557
389
3592
2015
5648
1223
1451
6371
3237
1862
5767
4759
5979
5564
4659
1976
7812
2566
2377
5341
6274
6154
5740
2588
3615
1668
2740
5691
2554
1552
4408
6728
1502
413
3735
877
2645
3135
6890
1948
5419
779
6406
5130
989
6653
7015
475
5509
3620
4469
3512
7436
2167
3045
6703
7312
7914
4940
7428
2558
1577
5845
897
7051
6441
3744
1862
6726
2743
4721
2108
4103
3290
6981
3063
6547
7746
490
6269
1435
7459
2140
3113
3102
6730
6592
2095
6955
985
5865
420
1238
687
4946
232
1930
8
2181
2059
5416
1938
1289
6297
6187
3929
483
4515
971
1837
1406
6911
7402
6852
4448
4532
2950
5777
4062
4830
558
1261
5800
3332
4706
7669
3867
7471
7470
4832
2050
3946
6764
593
7704
3898
5948
4651
7826
3221
1056
2233
1384
2003
4767
3792
1089
6121
27
4960
4782
471
7953
4439
1083
6702
4882
2391
1893
5379
4034
4652
2124
1484
7596
3338
4498
6971
1447
6108
1855
7719
4754
5660
2201
3552
3480
6722
3429
5006
5260
1499
2746
4941
6324
7423
2739
6466
2730
4154
1368
6670
6947
2536
7440
2054
2292
4170
3496
2197
7676
5780
2003
5283
1226
33
4101
7546
7873
3539
7329
680
6089
5367
4464
716
1521
7068
235
3086
3984
3163
1386
3060
7246
5125
7101
7708
1417
4935
913
6975
3803
926
3241
6281
7253
3267
1842
7384
7932
592
2990
1970
647
3032
5587
6985
6862
6917
6859
3770
5799
6964
3710
775
7672
682
7989
7905
4887
3550
5054
6896
332
6731
6394
6403
1607
1877
2877
4084
4325
7629
2304
4185
6588
4460
4124
215
2188
2851
553
1195
4466
5971
4949
4840
7512
2805
4399
1107
5063
6279
3375
6970
3755
6970
1954
1004
577
5732
4735
3555
7910
2676
4786
2383
2792
4181
5736
221
821
1216
6449
1380
138
6525
524
613
5734
3579
2868
5482
4854
1994
809
4789
705
3141
6802
1075
7083
5319
3650
5458
6750
3823
4272
3828
3147
2652
5976
745
4047
791
913
5582
5885
6036
3282
5095
7637
7853
4950
1056
4358
861
5701
1449
665
4146
7690
4817
7275
2351
1885
3568
6780
1674
2895
6154
7553
1819
6400
6310
6549
7055
431
7644
878
2571
2727
1879
343
3153
2822
6563
2240
7259
3951
1163
274
4575
4505
5011
5760
6176
7155
6860
4466
2523
5092
7126
1377
3935
1631
7188
4386
1708
5264
6606
1553
5444
929
4472
2356
3027
4440
7998
2676
1581
565
3104
5711
4903
3478
5358
5194
2193
7274
4966
138
4295
7615
4650
6657
2068
3173
7896
1321
4399
6266
1101
4242
6672
185
7533
3972
4995
4902
1187
6585
5318
4817
5569
1237
4627
7528
6985
4156
7344
7851
2527
4474
6023
6388
4538
4294
1012
2774
5772
3151
796
731
7309
4255
2207
6677
1343
1187
4888
3766
7061
522
699
6344
6140
7293
5585
4567
4791
5423
5173
6845
2100
2774
1912
4956
5130
5206
6601
6472
6124
2946
2211
4458
985
3125
1547
834
4544
1208
1289
6787
5662
4524
1442
7808
1144
5754
119
7716
7799
5154
3458
3646
6728
7807
5906
1255
3007
5983
3325
6899
3744
7911
5434
1664
1654
7474
4266
5100
4595
3075
7956
2898
2117
4771
6250
3946
1627
6984
1389
3343
1219
217
7447
6099
3565
5957
4004
6686
6685
3395
3725
6585
5164
1544
6140
7377
4655
6313
3657
2556
6757
4809
361
2104
1632
5207
4372
6776
2092
4716
462
2918
4303
7208
7577
3076
1251
5507
7971
4911
2985
4411
114
5293
6039
3615
438
2254
1514
6503
7859
6930
6553
6545
2828
1972
526
4169
3973
7794
3756
6602
2418
7088
4227
837
2991
2842
5144
4597
6696
1669
6122
3669
4034
79
5860
3079
7162
6567
692
6238
367
6822
297
6139
3701
1740
5315
2202
2121
6765
6077
4282
2166
2561
1289
7599
770
4417
6577
951
6578
1244
4032
6954
7655
1413
6535
4429
2320
2982
7772
7717
2455
7947
4818
4524
3359
5555
5057
5809
5008
2117
7126
1868
4135
5548
4271
3263
4830
185
524
5146
1644
4032
131
5213
3828
6368
1821
1271
2599
5641
7854
3667
1889
6430
1371
6876
2079
1225
4178
687
4778
6082
5557
2053
7325
2404
2626
3268
6345
2016
4101
4089
6725
6954
1943
6645
5837
6396
1302
1229
1275
1023
287
4095
7841
386
3164
3382
3921
245
6472
5854
1775
7721
5157
6423
3270
576
4555
1625
2609
6080
589
5350
7847
1740
1814
1100
2284
3098
5281
1989
6959
1934
1186
3897
4239
1333
2977
365
2733
5674
7402
3419
4232
3721
1376
6628
1122
1729
3032
3197
5977
2320
5248
68
6273
3577
6461
2104
5481
3973
4619
387
1913
3076
7325
6017
6739
5359
5186
6485
1648
5136
753
2106
3604
4630
7489
616
209
1533
5168
3482
3594
5171
796
6394
3813
6838
6600
4977
5369
1596
5112
3563
3091
7867
2056
5076
5228
2323
1335
5847
90
5778
3039
621
4780
5337
2710
2704
2891
540
2278
7505
6823
3171
7955
5181
563
4121
658
3729
4222
7107
676
2996
3673
7983
1659
4599
6347
3637
7205
4354
7936
7032
2024
4248
6826
3216
7755
5738
2876
6315
3852
6940
5564
2850
1396
4428
411
5783
3661
5386
7458
7083
7541
3808
5073
4012
4393
6648
3626
3950
764
2285
6916
4313
2130
4204
5596
7475
6389
2556
6432
393
7428
6084
1840
519
42
7805
7971
3526
2859
7170
7728
5766
76
4302
4460
6987
6329
1210
2399
2094
5168
7164
2573
4812
114
7293
5183
113
5822
1912
936
1835
4043
1915
3755
7334
3818
6700
2921
3254
4228
2952
1484
7522
6815
2755
6200
298
3580
7787
4758
2363
2352
6445
1353
5709
7387
4839
4592
2145
1159
3400
811
3588
5247
6551
5794
688
182
232
7807
865
1932
463
3429
4588
4970
287
923
7695
878
7706
5627
4267
318
7048
4988
190
6764
4234
7859
446
3940
5141
5893
6555
2307
5950
3322
7727
5916
2652
4757
3508
6159
6955
2137
5898
5926
5044
1230
5215
204
6498
3644
7965
5263
1866
6981
7716
7590
2938
7578
7995
4142
526
4235
4584
7765
4150
6509
6382
225
7606
7600
1939
886
3978
6258
2589
2823
950
5426
3403
6470
1828
3771
5541
6501
1316
5451
485
5054
1583
5296
7176
1736
4135
516
7596
2503
2944
79
5660
4929
4258
1297
6116
2040
5753
7339
3923
6126
6831
6455
2992
6077
1763
5561
4908
5449
4447
6361
4329
5495
4718
2378
1962
1746
1904
2371
5981
2453
2498
828
6703
4667
5727
3238
5132
3192
6376
7900
4519
6775
7452
6993
6366
3981
6809
85
7167
6646
6319
3184
3945
1180
6000
2205
7421
558
7430
3846
38
5415
6103
1371
7123
5283
4381
7142
7160
1183
6133
2871
7302
416
3006
2408
3971
26
5002
5280
511
598
4687
3098
3484
5243
3022
3355
6377
7900
4340
2935
361
7613
6899
1233
6214
6156
4727
3159
6952
612
6684
3794
3500
4497
2738
2439
5184
6269
4850
5316
7204
2297
1011
3039
3494
1681
3929
2061
5006
4390
266
4981
4897
520
6292
4484
3435
4559
3865
345
4259
5392
633
4601
4304
4788
2811
2170
5340
2102
6563
1094
5797
4572
4863
7057
5183
4031
5626
873
5665
5209
6618
5154
163
4717
4843
7194
6544
6721
6714
6015
960
3745
5214
4766
4488
3118
6912
7916
345
3824
3065
5154
4551
955
6433
6546
7261
7017
1485
532
7504
1673
960
2490
2853
7124
7682
3774
5837
1047
4345
2547
7215
1787
6854
7766
5115
7342
518
3183
6294
5191
4686
7370
7992
3854
5872
6604
308
2021
6443
2416
7771
3315
4357
1882
4916
4890
400
2874
1559
356
7145
6487
3962
2248
5863
2864
4114
3234
4185
7226
6944
4396
3026
4459
3270
6201
7250
256
2364
5656
5018
3677
2923
7425
5517
7055
4934
318
2898
5239
3033
7836
2985
4031
3411
6582
4394
2524
7762
2172
7919
7926
4793
6707
555
6877
6293
6129
42
1733
2421
7167
173
3726
5987
2411
312
3676
7838
6661
114
2205
4191
7366
7840
2757
7577
2988
219
5265
7587
3717
198
462
4832
7652
4947
3833
2109
6736
2000
736
2088
5708
4207
7874
2836
2736
6947
3174
404
6081
5186
1455
4464
5503
5696
4193
1884
3140
1142
3312
7577
3426
2486
2019
2020
88
482
2244
2519
6187
4978
5883
6208
3923
6207
1823
2258
3862
5951
685
5954
7823
2160
6532
7599
2522
7594
3978
7716
7001
7248
4754
6595
308
2303
2425
5400
49
695
5431
1816
4985
6235
453
2361
3093
66
5798
7472
201
7640
5916
1084
188
4660
6747
2607
2007
387
7951
3226
257
4094
2166
4227
4127
7859
6474
3624
3077
3783
6691
1813
2032
2195
2354
5751
3325
986
5760
6872
4513
1418
3020
3075
2755
6132
5795
669
1010
3380
142
6968
2711
6305
7371
2671
5375
2425
605
1403
1970
5574
5342
233
7314
6240
7739
5506
5058
2448
1342
4747
4400
6339
7426
1188
2357
4050
2147
2742
7519
5659
2355
3487
4657
785
3428
219
4691
6920
3232
6364
4819
1344
7728
1552
5645
7186
7627
3193
7002
4768
4243
6731
4762
3281
4126
4317
4565
1568
5503
4162
2775
1099
7917
5667
5360
5736
2332
604
862
5659
550
7090
4048
2492
6918
1158
7197
6492
7764
5981
2138
6318
5052
6580
952
4546
6422
807
1902
4094
1631
6223
762
6832
4503
5546
6295
6436
4292
5732
3840
4980
4571
312
3902
7894
309
5057
2602
7066
3329
6957
2831
5426
156
280
4512
1174
1376
2899
536
605
4194
1687
6613
513
7077
3013
7569
1608
6178
2314
666
1333
728
6173
7684
7377
3361
7769
411
1097
6003
5150
7940
1716
6919
3619
3684
6945
4667
6856
6910
6817
7191
3231
7508
2977
3720
5389
3554
894
5485
5011
3240
7499
3988
2564
4993
2688
2696
2921
5807
4430
2469
3681
5973
7278
2427
6294
7007
7406
6100
7113
2390
3799
5422
6425
2020
1278
2155
2886
3413
5990
5629
7465
1051
5982
6664
124
3636
5115
7906
523
1408
3529
6397
3301
7742
7609
1293
4951
1990
1201
6233
7109
537
116
1407
7080
7580
2694
2777
7433
6069
6108
6800
1271
5957
1159
2729
1270
1390
2915
4699
6960
4928
7693
7980
4996
6355
7609
5896
426
5073
1072
2978
1680
2811
2115
2521
2906
2309
1497
1067
927
5214
5978
5809
2824
7250
3032
5679
1280
4908
318
2761
6872
914
3168
6750
1010
4791
7306
6615
1973
5832
4299
3377
2823
324
666
547
5615
7103
3868
1097
2401
1222
5339
5211
2688
7413
2939
637
2824
405
6237
3299
6877
2592
4050
2289
936
4310
5282
1281
7184
3045
6165
2013
7220
2057
1702
6658
5887
7947
7142
7904
7255
2932
5772
1169
3147
6963
3154
1591
7483
7706
7861
5155
1416
892
2707
5090
5895
6131
3672
1424
3883
6247
3329
5256
3789
6703
7033
2948
3533
4189
2390
5985
3944
3091
3496
7026
814
7072
4025
1101
6068
4841
1221
4443
6728
958
6937
167
6132
2896
272
1510
5255
3440
3828
5972
6297
3554
2519
1145
3808
1108
5474
5427
3304
1691
6900
5482
7514
7694
3980
634
2225
7444
2575
4187
7361
3447
1406
2797
5334
6314
1164
491
4086
5594
3457
2984
31
4162
569
692
2738
6816
4634
4624
6029
5308
1411
7332
5896
3056
2039
1266
2997
1584
2096
6556
5928
6214
3516
2555
6961
2960
5851
7295
7615
5686
4082
4715
5489
7571
5845
3334
2213
7914
2221
7212
7566
7587
1032
994
4257
2791
4011
4034
4548
5026
4004
3054
5659
4323
3425
3188
1025
774
5094
1679
6981
7930
6356
6025
989
6999
1275
6747
7598
6629
4529
1416
4315
6539
7584
5087
3921
2867
3951
6409
7107
7717
6662
1754
4215
173
5229
2950
5743
3029
7543
4485
7001
5169
6405
5655
4787
6923
5580
3839
3145
5059
7665
2297
3156
6871
5148
4761
498
5585
4821
3169
17
4606
4845
723
5877
3871
3695
3545
7509
3420
1707
7271
3942
600
7608
6714
7023
147
6650
3127
1746
6739
5732
6700
6847
1524
7460
1869
7011
7618
93
1314
6762
7031
5317
7289
4297
4766
7613
6412
5216
4576
3996
1048
4012
3213
6170
3563
4764
2144
34
1928
5228
6785
1489
7313
7244
1072
1903
415
4619
1662
2148
6949
1560
5517
4908
2115
3478
1695
7296
2676
2116
3589
4777
4640
5304
6284
775
4944
3717
1117
2762
4527
7306
1911
3194
33
3215
18
3351
1490
1526
2352
6585
6576
7877
2897
4248
697
7436
5554
6598
1543
776
3983
854
7652
1143
7498
4826
1752
1439
3450
4893
4695
3220
2922
5892
7603
4703
539
6621
2599
7281
6634
6805
4143
3358
1987
4308
7676
2072
5870
6076
3764
7726
1486
7027
4910
4425
3112
5707
5589
7246
597
3497
3726
648
692
4409
3316
5295
5342
4625
830
2557
2625
95
6327
6425
5953
1944
4414
91
417
2379
2229
7541
3022
1776
4740
6091
2648
1052
7499
4457
4756
1706
1820
1906
2943
3774
1947
6763
564
5774
5832
5285
5724
7284
7041
5927
6106
5082
4026
5922
2434
4760
261
2135
1424
710
4600
4730
1338
6969
1646
127
1967
5746
676
2287
997
3814
4141
1108
2033
3319
7969
2579
6809
6139
285
3754
5974
345
7138
1454
6577
579
3033
1698
2936
4119
2273
4925
4467
1824
2569
2075
6857
2144
1788
7204
6499
4917
610
3499
5530
3592
2484
2347
1539
3925
1022
6966
6704
6577
1584
7570
2137
5383
4221
6299
5936
5233
3194
7063
4192
3076
2330
4646
254
641
5112
7880
4002
6535
7211
4898
3043
3190
6486
4686
3941
7150
3082
2632
5921
7457
2787
5241
5478
7929
5608
5176
953
2165
5546
3429
7459
4677
5711
7551
11
7723
2090
1137
2841
1680
6392
6563
5877
674
6948
889
6497
4406
1344
4743
5458
7389
4028
2826
725
7988
1172
3661
5177
1100
1764
3050
257
763
2508
947
4595
1707
2270
559
6885
1170
2432
7778
3904
7404
5194
6245
7094
7348
3347
6641
1295
3762
5943
6376
5045
7976
5990
4720
1526
1686
5006
3254
1831
200
4603
3780
4010
3057
57
4291
2444
4566
5749
2914
1551
4316
